0.44871794871794873
0.38461538461538464
0.46153846153846156
0.5384615384615384
0.5
0.47435897435897434
0.3974358974358974
0.4230769230769231
0.46153846153846156
0.46153846153846156
0.3076923076923077
0.5641025641025641
0.32051282051282054
0.4230769230769231
0.5128205128205128
0.38461538461538464
0.5256410256410257
0.41025641025641024
0.48717948717948717
0.5384615384615384
0.3717948717948718
0.48717948717948717
0.44871794871794873
0.6025641025641025
0.5256410256410257
0.48717948717948717
0.4358974358974359
0.4230769230769231
0.47435897435897434
0.5256410256410257
0.44871794871794873
0.5128205128205128
0.47435897435897434
0.47435897435897434
0.46153846153846156
0.38461538461538464
0.5512820512820513
0.48717948717948717
0.47435897435897434
0.48717948717948717
0.5128205128205128
0.358974358974359
0.5
0.5
0.47435897435897434
0.48717948717948717
0.38461538461538464
0.5
0.5769230769230769
0.32051282051282054
0.34375
0.6282051282051282
0.5
0.38461538461538464
0.44871794871794873
0.5256410256410257
0.33766233766233766
0.5256410256410257
0.5
0.4358974358974359
0.43243243243243246
0.3333333333333333
0.3974358974358974
0.44871794871794873
0.5128205128205128
0.47435897435897434
0.46153846153846156
0.46153846153846156
0.5
0.47435897435897434
0.41025641025641024
0.3974358974358974
0.5128205128205128
0.4230769230769231
0.41025641025641024
0.5256410256410257
0.46153846153846156
0.47435897435897434
0.358974358974359
0.3333333333333333
0.5128205128205128
0.46153846153846156
0.5384615384615384
0.47435897435897434
0.48717948717948717
0.2948717948717949
0.41025641025641024
0.5
0.47435897435897434
0.4358974358974359
0.5
0.5
0.38961038961038963
0.46153846153846156
0.34615384615384615
0.5897435897435898
0.47435897435897434
0.47435897435897434
0.34615384615384615
0.4230769230769231
0.4230769230769231
0.3717948717948718
0.5
0.48717948717948717
0.44871794871794873
0.46153846153846156
0.38461538461538464
0.47435897435897434
0.5256410256410257
0.3333333333333333
0.4230769230769231
0.47435897435897434
0.5897435897435898
0.5256410256410257
0.4230769230769231
0.5641025641025641
0.5512820512820513
0.5256410256410257
0.5
0.3974358974358974
0.5384615384615384
0.4358974358974359
0.5512820512820513
0.41025641025641024
0.4230769230769231
0.5641025641025641
0.5
0.48717948717948717
0.5769230769230769
0.47435897435897434
0.5384615384615384
0.44871794871794873
0.5256410256410257
0.47435897435897434
0.3333333333333333
0.38461538461538464
0.3717948717948718
0.39705882352941174
0.5256410256410257
0.4358974358974359
0.46153846153846156
0.44871794871794873
0.5256410256410257
0.5128205128205128
0.3717948717948718
0.5256410256410257
0.5128205128205128
0.48717948717948717
0.5
0.5512820512820513
0.47435897435897434
0.48717948717948717
0.4230769230769231
0.6666666666666666
0.7307692307692307
0.717948717948718
0.6282051282051282
0.44871794871794873
0.6794871794871795
0.6538461538461539
0.7051282051282052
0.6923076923076923
0.7692307692307693
0.7307692307692307
0.5
0.7564102564102564
0.6794871794871795
0.7051282051282052
0.6794871794871795
0.6666666666666666
0.7051282051282052
0.6794871794871795
0.4358974358974359
0.7051282051282052
0.6153846153846154
0.6666666666666666
0.6153846153846154
0.782051282051282
0.6923076923076923
0.6410256410256411
0.717948717948718
0.7307692307692307
0.41025641025641024
0.6282051282051282
0.7564102564102564
0.7307692307692307
0.7435897435897436
0.6282051282051282
0.6153846153846154
0.47435897435897434
0.7692307692307693
0.7435897435897436
0.7307692307692307
0.7307692307692307
0.7307692307692307
0.782051282051282
0.782051282051282
0.46153846153846156
0.34615384615384615
0.7948717948717948
0.6282051282051282
0.6794871794871795
0.6923076923076923
0.4358974358974359
0.5897435897435898
0.7307692307692307
0.6410256410256411
0.7051282051282052
0.7692307692307693
0.7564102564102564
0.6153846153846154
0.7307692307692307
0.6666666666666666
0.38461538461538464
0.6538461538461539
0.6794871794871795
0.6153846153846154
0.6923076923076923
0.6282051282051282
0.6153846153846154
0.7307692307692307
0.7051282051282052
0.6794871794871795
0.5897435897435898
0.6794871794871795
0.717948717948718
0.717948717948718
0.7435897435897436
0.6923076923076923
0.7307692307692307
0.6923076923076923
0.6410256410256411
0.7564102564102564
0.7051282051282052
0.5256410256410257
0.6153846153846154
0.7564102564102564
0.6666666666666666
0.6410256410256411
0.358974358974359
0.47435897435897434
0.7142857142857143
0.6282051282051282
0.6923076923076923
0.782051282051282
0.6153846153846154
0.7692307692307693
0.6923076923076923
0.7051282051282052
0.717948717948718
0.7435897435897436
0.7564102564102564
0.5384615384615384
0.6282051282051282
0.7051282051282052
0.7051282051282052
0.5897435897435898
0.6538461538461539
0.6538461538461539
0.6410256410256411
0.7435897435897436
0.7692307692307693
0.7051282051282052
0.6923076923076923
0.41025641025641024
0.7307692307692307
0.7307692307692307
0.7307692307692307
0.6025641025641025
0.5714285714285714
0.5384615384615384
0.6282051282051282
0.6794871794871795
0.7435897435897436
0.7435897435897436
0.6282051282051282
0.7564102564102564
0.7948717948717948
0.6794871794871795
0.6923076923076923
0.5897435897435898
0.6923076923076923
0.7307692307692307
0.6923076923076923
0.7564102564102564
0.44871794871794873
0.7307692307692307
0.4358974358974359
0.6538461538461539
0.6794871794871795
0.6282051282051282
0.782051282051282
0.7435897435897436
0.6410256410256411
0.7051282051282052
0.46153846153846156
0.6153846153846154
0.6666666666666666
0.5256410256410257
0.6923076923076923
0.7051282051282052
0.6410256410256411
0.782051282051282
0.6794871794871795
0.6794871794871795
0.6923076923076923
0.6923076923076923
0.7435897435897436
0.7564102564102564
0.7307692307692307
0.6666666666666666
0.6025641025641025
0.717948717948718
0.7307692307692307
0.7051282051282052
0.6623376623376623
0.47435897435897434
0.6666666666666666
0.7692307692307693
0.7307692307692307
0.7051282051282052
0.48717948717948717
0.5769230769230769
0.5512820512820513
0.7307692307692307
0.717948717948718
0.6666666666666666
0.7564102564102564
0.6923076923076923
0.6410256410256411
0.7948717948717948
0.5512820512820513
0.6025641025641025
0.6923076923076923
0.5256410256410257
0.782051282051282
0.6538461538461539
0.7051282051282052
0.6923076923076923
0.6923076923076923
0.7307692307692307
0.6153846153846154
0.7051282051282052
0.6666666666666666
0.7066666666666667
0.47435897435897434
0.717948717948718
0.7307692307692307
0.6794871794871795
0.7435897435897436
0.7307692307692307
0.6025641025641025
0.6282051282051282
0.6410256410256411
0.6923076923076923
0.6666666666666666
0.6538461538461539
0.7051282051282052
0.6794871794871795
0.6923076923076923
0.717948717948718
0.6470588235294118
0.6153846153846154
0.6103896103896104
0.6923076923076923
0.3
0.48717948717948717
0.6666666666666666
0.6666666666666666
0.47435897435897434
0.7051282051282052
0.6923076923076923
0.34615384615384615
0.782051282051282
0.6538461538461539
0.7435897435897436
0.48717948717948717
0.6794871794871795
0.7435897435897436
0.7435897435897436
0.6153846153846154
0.782051282051282
0.7435897435897436
0.7948717948717948
0.5897435897435898
0.6923076923076923
0.6923076923076923
0.6538461538461539
0.6794871794871795
0.6923076923076923
0.7051282051282052
0.7692307692307693
0.8076923076923077
0.48717948717948717
0.5256410256410257
0.7435897435897436
0.8076923076923077
0.7692307692307693
0.6923076923076923
0.717948717948718
0.6410256410256411
0.5
0.6794871794871795
0.6794871794871795
0.6410256410256411
0.7051282051282052
0.4358974358974359
0.6029411764705882
0.7051282051282052
0.7435897435897436
0.6666666666666666
0.8076923076923077
0.7564102564102564
0.717948717948718
0.6794871794871795
0.782051282051282
0.6153846153846154
0.6794871794871795
0.6923076923076923
0.32051282051282054
0.6282051282051282
0.358974358974359
0.5384615384615384
0.2948717948717949
0.41025641025641024
0.5128205128205128
0.44871794871794873
0.46153846153846156
0.5324675324675324
0.6493506493506493
0.5194805194805194
0.6753246753246753
1.0
0.6666666666666666
0.7777777777777778
0.6666666666666666
0.8333333333333334
0.6666666666666666
0.5
0.6111111111111112
0.5
0.7222222222222222
0.3888888888888889
0.6111111111111112
0.6666666666666666
0.6666666666666666
0.8333333333333334
0.5555555555555556
0.3333333333333333
0.5555555555555556
0.8333333333333334
0.6666666666666666
0.8333333333333334
0.6111111111111112
0.4444444444444444
0.5
0.8333333333333334
0.4444444444444444
0.5555555555555556
0.2222222222222222
0.7222222222222222
0.7222222222222222
0.4444444444444444
0.8333333333333334
0.6666666666666666
0.5
0.8333333333333334
0.5555555555555556
0.3333333333333333
0.6111111111111112
0.5
0.5
0.8333333333333334
0.8888888888888888
0.6111111111111112
0.7222222222222222
0.6111111111111112
0.6666666666666666
0.8333333333333334
0.5555555555555556
0.7777777777777778
0.7777777777777778
0.5555555555555556
0.7222222222222222
0.8888888888888888
0.5
0.4444444444444444
0.6111111111111112
0.2777777777777778
0.5555555555555556
0.6111111111111112
0.6111111111111112
0.3333333333333333
0.7777777777777778
0.5555555555555556
0.5
0.3333333333333333
0.7777777777777778
0.6111111111111112
0.3888888888888889
0.5
0.4444444444444444
0.7222222222222222
0.6666666666666666
0.6111111111111112
0.5555555555555556
0.6111111111111112
0.7777777777777778
0.7222222222222222
0.6666666666666666
0.3888888888888889
0.2222222222222222
0.7777777777777778
0.4444444444444444
0.6111111111111112
0.5
0.6111111111111112
0.7222222222222222
0.6666666666666666
0.7222222222222222
0.6111111111111112
0.7777777777777778
0.6666666666666666
0.4444444444444444
0.5555555555555556
0.3333333333333333
0.3888888888888889
0.6111111111111112
0.4444444444444444
0.6666666666666666
0.5
0.6111111111111112
0.5
0.734375
0.639344262295082
0.7169811320754716
0.7
0.7142857142857143
0.7142857142857143
0.42857142857142855
Legislator Avg: 0.5924120037016152
Bills Correct: 0.7604166666666666
