0.44871794871794873
0.48717948717948717
0.38461538461538464
0.46153846153846156
0.4358974358974359
0.5
0.4230769230769231
0.3974358974358974
0.44871794871794873
0.34615384615384615
0.34615384615384615
0.5
0.4230769230769231
0.46153846153846156
0.44871794871794873
0.46153846153846156
0.46153846153846156
0.46153846153846156
0.47435897435897434
0.4358974358974359
0.4230769230769231
0.46153846153846156
0.4230769230769231
0.46153846153846156
0.41025641025641024
0.47435897435897434
0.4358974358974359
0.4230769230769231
0.47435897435897434
0.44871794871794873
0.48717948717948717
0.44871794871794873
0.4230769230769231
0.47435897435897434
0.3974358974358974
0.44871794871794873
0.46153846153846156
0.48717948717948717
0.4230769230769231
0.46153846153846156
0.44871794871794873
0.4358974358974359
0.46153846153846156
0.46153846153846156
0.41025641025641024
0.44871794871794873
0.38461538461538464
0.4358974358974359
0.48717948717948717
0.3974358974358974
0.328125
0.48717948717948717
0.46153846153846156
0.4230769230769231
0.46153846153846156
0.46153846153846156
0.4155844155844156
0.41025641025641024
0.3717948717948718
0.3333333333333333
0.43243243243243246
0.3974358974358974
0.5
0.44871794871794873
0.47435897435897434
0.4358974358974359
0.4358974358974359
0.46153846153846156
0.46153846153846156
0.46153846153846156
0.44871794871794873
0.44871794871794873
0.44871794871794873
0.48717948717948717
0.4230769230769231
0.44871794871794873
0.44871794871794873
0.48717948717948717
0.47435897435897434
0.4358974358974359
0.5
0.5
0.48717948717948717
0.47435897435897434
0.4358974358974359
0.3717948717948718
0.46153846153846156
0.4230769230769231
0.4230769230769231
0.4230769230769231
0.44871794871794873
0.46153846153846156
0.4675324675324675
0.46153846153846156
0.46153846153846156
0.4230769230769231
0.46153846153846156
0.46153846153846156
0.4358974358974359
0.4358974358974359
0.46153846153846156
0.38461538461538464
0.4358974358974359
0.46153846153846156
0.41025641025641024
0.4358974358974359
0.4358974358974359
0.46153846153846156
0.44871794871794873
0.34615384615384615
0.4230769230769231
0.41025641025641024
0.5128205128205128
0.44871794871794873
0.44871794871794873
0.46153846153846156
0.4358974358974359
0.44871794871794873
0.3974358974358974
0.5
0.4358974358974359
0.48717948717948717
0.46153846153846156
0.34615384615384615
0.41025641025641024
0.44871794871794873
0.46153846153846156
0.4230769230769231
0.4358974358974359
0.46153846153846156
0.4358974358974359
0.44871794871794873
0.5769230769230769
0.44871794871794873
0.2948717948717949
0.3974358974358974
0.46153846153846156
0.3382352941176471
0.46153846153846156
0.44871794871794873
0.41025641025641024
0.44871794871794873
0.47435897435897434
0.44871794871794873
0.4230769230769231
0.48717948717948717
0.44871794871794873
0.4358974358974359
0.3974358974358974
0.44871794871794873
0.44871794871794873
0.3974358974358974
0.4358974358974359
0.8461538461538461
0.8333333333333334
0.8461538461538461
0.782051282051282
0.6025641025641025
0.7948717948717948
0.782051282051282
0.8461538461538461
0.8205128205128205
0.8461538461538461
0.8461538461538461
0.5384615384615384
0.8333333333333334
0.7564102564102564
0.8076923076923077
0.8076923076923077
0.8333333333333334
0.8461538461538461
0.8589743589743589
0.4358974358974359
0.8076923076923077
0.7564102564102564
0.7948717948717948
0.7564102564102564
0.8461538461538461
0.7948717948717948
0.8076923076923077
0.8205128205128205
0.8333333333333334
0.48717948717948717
0.8205128205128205
0.8589743589743589
0.8589743589743589
0.8589743589743589
0.8205128205128205
0.7307692307692307
0.4358974358974359
0.8333333333333334
0.8333333333333334
0.8589743589743589
0.8461538461538461
0.8333333333333334
0.8333333333333334
0.8589743589743589
0.5256410256410257
0.6025641025641025
0.8589743589743589
0.8333333333333334
0.8076923076923077
0.782051282051282
0.5769230769230769
0.8205128205128205
0.8333333333333334
0.8589743589743589
0.8333333333333334
0.8589743589743589
0.8076923076923077
0.7564102564102564
0.8589743589743589
0.8205128205128205
0.4358974358974359
0.782051282051282
0.782051282051282
0.7307692307692307
0.8333333333333334
0.8076923076923077
0.7435897435897436
0.8589743589743589
0.8076923076923077
0.8333333333333334
0.782051282051282
0.8205128205128205
0.8076923076923077
0.8333333333333334
0.8461538461538461
0.7564102564102564
0.8333333333333334
0.8205128205128205
0.7307692307692307
0.8333333333333334
0.8205128205128205
0.5512820512820513
0.7692307692307693
0.8076923076923077
0.8589743589743589
0.7692307692307693
0.46153846153846156
0.44871794871794873
0.7662337662337663
0.7692307692307693
0.8076923076923077
0.8461538461538461
0.7435897435897436
0.8205128205128205
0.8589743589743589
0.8076923076923077
0.8461538461538461
0.8333333333333334
0.8205128205128205
0.6666666666666666
0.7948717948717948
0.8589743589743589
0.8333333333333334
0.782051282051282
0.782051282051282
0.8076923076923077
0.8717948717948718
0.8461538461538461
0.8461538461538461
0.8205128205128205
0.782051282051282
0.4230769230769231
0.8589743589743589
0.8461538461538461
0.8717948717948718
0.782051282051282
0.7272727272727273
0.7051282051282052
0.8076923076923077
0.8205128205128205
0.8333333333333334
0.8717948717948718
0.7948717948717948
0.8333333333333334
0.8333333333333334
0.8333333333333334
0.8333333333333334
0.7564102564102564
0.8076923076923077
0.8076923076923077
0.8461538461538461
0.8461538461538461
0.48717948717948717
0.8461538461538461
0.44871794871794873
0.8205128205128205
0.8333333333333334
0.7948717948717948
0.8461538461538461
0.8205128205128205
0.8076923076923077
0.8205128205128205
0.5
0.7564102564102564
0.8076923076923077
0.6282051282051282
0.8461538461538461
0.8333333333333334
0.8076923076923077
0.8333333333333334
0.8461538461538461
0.8461538461538461
0.8461538461538461
0.8461538461538461
0.8461538461538461
0.8461538461538461
0.8461538461538461
0.7692307692307693
0.717948717948718
0.8333333333333334
0.8076923076923077
0.8461538461538461
0.7792207792207793
0.47435897435897434
0.8461538461538461
0.8205128205128205
0.8589743589743589
0.8205128205128205
0.4230769230769231
0.48717948717948717
0.6794871794871795
0.8461538461538461
0.8333333333333334
0.8205128205128205
0.8333333333333334
0.8205128205128205
0.7948717948717948
0.8205128205128205
0.6794871794871795
0.7948717948717948
0.8461538461538461
0.6794871794871795
0.8333333333333334
0.8205128205128205
0.8333333333333334
0.8205128205128205
0.8333333333333334
0.8589743589743589
0.8076923076923077
0.8333333333333334
0.8333333333333334
0.84
0.44871794871794873
0.8589743589743589
0.8461538461538461
0.7948717948717948
0.8333333333333334
0.8333333333333334
0.7564102564102564
0.782051282051282
0.8076923076923077
0.8461538461538461
0.8205128205128205
0.8461538461538461
0.8076923076923077
0.8589743589743589
0.8333333333333334
0.8333333333333334
0.7647058823529411
0.782051282051282
0.7142857142857143
0.8076923076923077
0.6
0.5128205128205128
0.8333333333333334
0.8461538461538461
0.47435897435897434
0.8205128205128205
0.8461538461538461
0.4358974358974359
0.8205128205128205
0.8333333333333334
0.8461538461538461
0.41025641025641024
0.8205128205128205
0.8333333333333334
0.8589743589743589
0.7948717948717948
0.8589743589743589
0.8205128205128205
0.8461538461538461
0.7564102564102564
0.8461538461538461
0.8205128205128205
0.7564102564102564
0.8076923076923077
0.8461538461538461
0.8205128205128205
0.8589743589743589
0.8461538461538461
0.5128205128205128
0.5
0.8076923076923077
0.8589743589743589
0.8333333333333334
0.782051282051282
0.8589743589743589
0.8333333333333334
0.5
0.8076923076923077
0.8205128205128205
0.8076923076923077
0.8333333333333334
0.5897435897435898
0.7647058823529411
0.7948717948717948
0.8333333333333334
0.8205128205128205
0.8589743589743589
0.8461538461538461
0.8333333333333334
0.7948717948717948
0.8589743589743589
0.7948717948717948
0.8461538461538461
0.8076923076923077
0.41025641025641024
0.8076923076923077
0.48717948717948717
0.717948717948718
0.358974358974359
0.44871794871794873
0.47435897435897434
0.23076923076923078
0.46153846153846156
0.6493506493506493
0.8051948051948052
0.44155844155844154
0.8051948051948052
0.0
0.8333333333333334
0.8888888888888888
0.7222222222222222
0.8333333333333334
0.8333333333333334
0.6111111111111112
0.7777777777777778
0.5555555555555556
0.8333333333333334
0.3333333333333333
0.5555555555555556
0.8888888888888888
0.6111111111111112
0.8333333333333334
0.6666666666666666
0.6666666666666666
0.6111111111111112
0.8333333333333334
0.8333333333333334
0.8333333333333334
0.7222222222222222
0.6666666666666666
0.6111111111111112
0.8333333333333334
0.5
0.6666666666666666
0.6111111111111112
0.8333333333333334
0.7777777777777778
0.5
0.8333333333333334
0.8333333333333334
0.8333333333333334
0.8333333333333334
0.5
0.6666666666666666
0.7777777777777778
0.3888888888888889
0.6666666666666666
0.8888888888888888
0.8333333333333334
0.6111111111111112
0.7777777777777778
0.6666666666666666
0.5555555555555556
0.8888888888888888
0.7777777777777778
0.8888888888888888
0.8333333333333334
0.7777777777777778
0.5555555555555556
0.8333333333333334
0.7222222222222222
0.6666666666666666
0.6111111111111112
0.3333333333333333
0.7222222222222222
0.5
0.6666666666666666
0.6666666666666666
0.7777777777777778
0.6111111111111112
0.3888888888888889
0.7777777777777778
0.7222222222222222
0.6111111111111112
0.6666666666666666
0.7777777777777778
0.4444444444444444
0.7222222222222222
0.7777777777777778
0.7777777777777778
0.5555555555555556
0.6666666666666666
0.8333333333333334
0.8333333333333334
0.7222222222222222
0.2222222222222222
0.5
0.6111111111111112
0.4444444444444444
0.7777777777777778
0.5555555555555556
0.8333333333333334
0.5555555555555556
0.7777777777777778
0.7777777777777778
0.7222222222222222
0.8888888888888888
0.8333333333333334
0.7222222222222222
0.6111111111111112
0.7777777777777778
0.6666666666666666
0.4444444444444444
0.6111111111111112
0.8333333333333334
0.4444444444444444
0.7777777777777778
0.3888888888888889
0.90625
0.8524590163934426
0.8867924528301887
0.9
1.0
0.5714285714285714
0.5714285714285714
Legislator Avg: 0.6609350273179404
Bills Correct: 0.84375
