0.46153846153846156
0.47435897435897434
0.5
0.5384615384615384
0.5128205128205128
0.48717948717948717
0.5
0.5256410256410257
0.5384615384615384
0.5384615384615384
0.44871794871794873
0.48717948717948717
0.5256410256410257
0.5256410256410257
0.5384615384615384
0.5128205128205128
0.5256410256410257
0.5128205128205128
0.48717948717948717
0.47435897435897434
0.5256410256410257
0.5128205128205128
0.5384615384615384
0.5384615384615384
0.5384615384615384
0.48717948717948717
0.47435897435897434
0.5
0.5128205128205128
0.5256410256410257
0.5
0.5256410256410257
0.5384615384615384
0.5128205128205128
0.47435897435897434
0.5
0.5128205128205128
0.44871794871794873
0.5256410256410257
0.5256410256410257
0.5384615384615384
0.5128205128205128
0.5
0.5
0.5256410256410257
0.5256410256410257
0.48717948717948717
0.5384615384615384
0.5
0.47435897435897434
0.390625
0.5128205128205128
0.5128205128205128
0.5128205128205128
0.5256410256410257
0.5384615384615384
0.5064935064935064
0.5512820512820513
0.5
0.48717948717948717
0.5405405405405406
0.48717948717948717
0.5
0.5384615384615384
0.5128205128205128
0.5128205128205128
0.5128205128205128
0.5256410256410257
0.5128205128205128
0.5384615384615384
0.5128205128205128
0.5
0.47435897435897434
0.5
0.48717948717948717
0.5128205128205128
0.5256410256410257
0.5128205128205128
0.46153846153846156
0.3974358974358974
0.5
0.5
0.5128205128205128
0.48717948717948717
0.5256410256410257
0.48717948717948717
0.5256410256410257
0.5
0.47435897435897434
0.5256410256410257
0.5384615384615384
0.5256410256410257
0.44155844155844154
0.5384615384615384
0.5
0.5
0.5256410256410257
0.5256410256410257
0.5128205128205128
0.5256410256410257
0.5128205128205128
0.48717948717948717
0.5128205128205128
0.5128205128205128
0.5256410256410257
0.5128205128205128
0.5128205128205128
0.5384615384615384
0.5256410256410257
0.38461538461538464
0.48717948717948717
0.5128205128205128
0.46153846153846156
0.5384615384615384
0.5256410256410257
0.5128205128205128
0.5
0.5128205128205128
0.5
0.47435897435897434
0.5384615384615384
0.46153846153846156
0.48717948717948717
0.4230769230769231
0.5
0.5384615384615384
0.5384615384615384
0.5512820512820513
0.5256410256410257
0.5384615384615384
0.5128205128205128
0.5256410256410257
0.3974358974358974
0.5256410256410257
0.46153846153846156
0.5
0.5
0.38235294117647056
0.5384615384615384
0.5128205128205128
0.47435897435897434
0.5256410256410257
0.5
0.5256410256410257
0.5128205128205128
0.5
0.5512820512820513
0.5512820512820513
0.5256410256410257
0.5384615384615384
0.5256410256410257
0.48717948717948717
0.5
0.14102564102564102
0.1282051282051282
0.14102564102564102
0.1282051282051282
0.38461538461538464
0.1794871794871795
0.11538461538461539
0.14102564102564102
0.1282051282051282
0.15384615384615385
0.14102564102564102
0.4230769230769231
0.15384615384615385
0.1282051282051282
0.14102564102564102
0.15384615384615385
0.16666666666666666
0.14102564102564102
0.14102564102564102
0.5
0.1282051282051282
0.21794871794871795
0.1794871794871795
0.21794871794871795
0.14102564102564102
0.14102564102564102
0.16666666666666666
0.14102564102564102
0.16666666666666666
0.47435897435897434
0.14102564102564102
0.14102564102564102
0.1282051282051282
0.14102564102564102
0.14102564102564102
0.19230769230769232
0.47435897435897434
0.16666666666666666
0.14102564102564102
0.1282051282051282
0.14102564102564102
0.14102564102564102
0.16666666666666666
0.14102564102564102
0.46153846153846156
0.3974358974358974
0.14102564102564102
0.14102564102564102
0.14102564102564102
0.14102564102564102
0.358974358974359
0.15384615384615385
0.11538461538461539
0.14102564102564102
0.15384615384615385
0.14102564102564102
0.16666666666666666
0.1794871794871795
0.14102564102564102
0.16666666666666666
0.48717948717948717
0.15384615384615385
0.1794871794871795
0.14102564102564102
0.15384615384615385
0.16666666666666666
0.14102564102564102
0.14102564102564102
0.19230769230769232
0.15384615384615385
0.14102564102564102
0.14102564102564102
0.16666666666666666
0.15384615384615385
0.14102564102564102
0.19230769230769232
0.15384615384615385
0.15384615384615385
0.20512820512820512
0.15384615384615385
0.15384615384615385
0.44871794871794873
0.14102564102564102
0.15384615384615385
0.14102564102564102
0.10256410256410256
0.48717948717948717
0.5
0.19480519480519481
0.23076923076923078
0.16666666666666666
0.14102564102564102
0.1794871794871795
0.1282051282051282
0.1282051282051282
0.19230769230769232
0.14102564102564102
0.15384615384615385
0.16666666666666666
0.07692307692307693
0.1794871794871795
0.14102564102564102
0.16666666666666666
0.15384615384615385
0.20512820512820512
0.14102564102564102
0.1282051282051282
0.1282051282051282
0.15384615384615385
0.15384615384615385
0.1794871794871795
0.44871794871794873
0.14102564102564102
0.14102564102564102
0.1282051282051282
0.11538461538461539
0.15584415584415584
0.2564102564102564
0.19230769230769232
0.14102564102564102
0.15384615384615385
0.1282051282051282
0.15384615384615385
0.14102564102564102
0.14102564102564102
0.15384615384615385
0.14102564102564102
0.19230769230769232
0.14102564102564102
0.16666666666666666
0.15384615384615385
0.14102564102564102
0.4358974358974359
0.15384615384615385
0.5128205128205128
0.1282051282051282
0.16666666666666666
0.14102564102564102
0.14102564102564102
0.1282051282051282
0.1794871794871795
0.14102564102564102
0.46153846153846156
0.15384615384615385
0.1282051282051282
0.358974358974359
0.15384615384615385
0.15384615384615385
0.19230769230769232
0.14102564102564102
0.15384615384615385
0.14102564102564102
0.15384615384615385
0.15384615384615385
0.14102564102564102
0.15384615384615385
0.1282051282051282
0.16666666666666666
0.14102564102564102
0.14102564102564102
0.16666666666666666
0.1282051282051282
0.19480519480519481
0.47435897435897434
0.15384615384615385
0.16666666666666666
0.14102564102564102
0.14102564102564102
0.46153846153846156
0.47435897435897434
0.15384615384615385
0.15384615384615385
0.14102564102564102
0.14102564102564102
0.16666666666666666
0.15384615384615385
0.16666666666666666
0.1794871794871795
0.2948717948717949
0.15384615384615385
0.1282051282051282
0.14102564102564102
0.15384615384615385
0.15384615384615385
0.16666666666666666
0.15384615384615385
0.16666666666666666
0.1282051282051282
0.1282051282051282
0.15384615384615385
0.14102564102564102
0.14666666666666667
0.5
0.14102564102564102
0.1282051282051282
0.14102564102564102
0.1282051282051282
0.14102564102564102
0.16666666666666666
0.16666666666666666
0.11538461538461539
0.14102564102564102
0.1282051282051282
0.14102564102564102
0.14102564102564102
0.14102564102564102
0.15384615384615385
0.16666666666666666
0.20588235294117646
0.1794871794871795
0.24675324675324675
0.14102564102564102
0.3
0.47435897435897434
0.15384615384615385
0.1282051282051282
0.48717948717948717
0.1794871794871795
0.14102564102564102
0.4358974358974359
0.15384615384615385
0.14102564102564102
0.14102564102564102
0.46153846153846156
0.15384615384615385
0.15384615384615385
0.1282051282051282
0.16666666666666666
0.14102564102564102
0.16666666666666666
0.1282051282051282
0.15384615384615385
0.14102564102564102
0.15384615384615385
0.15384615384615385
0.16666666666666666
0.15384615384615385
0.14102564102564102
0.14102564102564102
0.14102564102564102
0.47435897435897434
0.47435897435897434
0.14102564102564102
0.14102564102564102
0.15384615384615385
0.16666666666666666
0.1282051282051282
0.14102564102564102
0.47435897435897434
0.19230769230769232
0.14102564102564102
0.16666666666666666
0.15384615384615385
0.14102564102564102
0.14705882352941177
0.14102564102564102
0.14102564102564102
0.16666666666666666
0.14102564102564102
0.14102564102564102
0.15384615384615385
0.19230769230769232
0.14102564102564102
0.14102564102564102
0.14102564102564102
0.15384615384615385
0.4230769230769231
0.16666666666666666
0.11538461538461539
0.21794871794871795
0.34615384615384615
0.5
0.48717948717948717
0.358974358974359
0.5
0.35064935064935066
0.15584415584415584
0.4805194805194805
0.14285714285714285
0.0
0.1111111111111111
0.1111111111111111
0.2777777777777778
0.16666666666666666
0.16666666666666666
0.3888888888888889
0.16666666666666666
0.4444444444444444
0.16666666666666666
0.4444444444444444
0.4444444444444444
0.1111111111111111
0.3888888888888889
0.16666666666666666
0.3333333333333333
0.3333333333333333
0.3888888888888889
0.16666666666666666
0.1111111111111111
0.1111111111111111
0.2777777777777778
0.2777777777777778
0.2777777777777778
0.16666666666666666
0.2222222222222222
0.2222222222222222
0.2777777777777778
0.16666666666666666
0.16666666666666666
0.5
0.16666666666666666
0.16666666666666666
0.16666666666666666
0.16666666666666666
0.4444444444444444
0.3333333333333333
0.16666666666666666
0.6111111111111112
0.2222222222222222
0.1111111111111111
0.16666666666666666
0.3888888888888889
0.2222222222222222
0.2777777777777778
0.4444444444444444
0.1111111111111111
0.16666666666666666
0.1111111111111111
0.16666666666666666
0.2222222222222222
0.3888888888888889
0.16666666666666666
0.2777777777777778
0.3333333333333333
0.3333333333333333
0.5555555555555556
0.2777777777777778
0.5
0.3333333333333333
0.3333333333333333
0.2222222222222222
0.3333333333333333
0.6111111111111112
0.2222222222222222
0.2777777777777778
0.3888888888888889
0.3333333333333333
0.16666666666666666
0.5555555555555556
0.2777777777777778
0.2222222222222222
0.2222222222222222
0.4444444444444444
0.3333333333333333
0.1111111111111111
0.1111111111111111
0.16666666666666666
0.5555555555555556
0.5
0.3888888888888889
0.5555555555555556
0.2222222222222222
0.3888888888888889
0.16666666666666666
0.3888888888888889
0.2222222222222222
0.2222222222222222
0.2777777777777778
0.1111111111111111
0.16666666666666666
0.2222222222222222
0.3888888888888889
0.1111111111111111
0.3333333333333333
0.5555555555555556
0.3888888888888889
0.1111111111111111
0.5555555555555556
0.1111111111111111
0.5555555555555556
0.09375
0.11475409836065574
0.11320754716981132
0.1
0.0
0.42857142857142855
0.42857142857142855
Legislator Avg: 0.29738314263415483
Bills Correct: 0.15625
