0.5897435897435898
0.5769230769230769
0.5897435897435898
0.6282051282051282
0.6025641025641025
0.5769230769230769
0.6153846153846154
0.5897435897435898
0.6153846153846154
0.6025641025641025
0.5256410256410257
0.5769230769230769
0.6025641025641025
0.5641025641025641
0.6410256410256411
0.5769230769230769
0.5769230769230769
0.6153846153846154
0.6410256410256411
0.6282051282051282
0.5512820512820513
0.6282051282051282
0.5897435897435898
0.6282051282051282
0.6410256410256411
0.6282051282051282
0.6153846153846154
0.5769230769230769
0.5769230769230769
0.6410256410256411
0.5897435897435898
0.6282051282051282
0.6410256410256411
0.6410256410256411
0.6153846153846154
0.6410256410256411
0.6153846153846154
0.5641025641025641
0.6025641025641025
0.5512820512820513
0.6282051282051282
0.6025641025641025
0.6025641025641025
0.5769230769230769
0.6153846153846154
0.6153846153846154
0.5769230769230769
0.6025641025641025
0.5641025641025641
0.5512820512820513
0.5
0.6025641025641025
0.6153846153846154
0.6282051282051282
0.6153846153846154
0.6282051282051282
0.4935064935064935
0.6410256410256411
0.5641025641025641
0.5512820512820513
0.6081081081081081
0.6025641025641025
0.5897435897435898
0.6282051282051282
0.5769230769230769
0.6153846153846154
0.6538461538461539
0.6282051282051282
0.6410256410256411
0.6410256410256411
0.6153846153846154
0.6538461538461539
0.6153846153846154
0.5897435897435898
0.6025641025641025
0.6282051282051282
0.6282051282051282
0.5769230769230769
0.6025641025641025
0.5256410256410257
0.5769230769230769
0.5897435897435898
0.6153846153846154
0.5641025641025641
0.6153846153846154
0.5641025641025641
0.6282051282051282
0.6025641025641025
0.5897435897435898
0.6025641025641025
0.6410256410256411
0.6153846153846154
0.5844155844155844
0.5769230769230769
0.6282051282051282
0.6153846153846154
0.6282051282051282
0.6410256410256411
0.6153846153846154
0.6025641025641025
0.5641025641025641
0.5641025641025641
0.6025641025641025
0.5769230769230769
0.6025641025641025
0.6282051282051282
0.5384615384615384
0.6282051282051282
0.5897435897435898
0.44871794871794873
0.6025641025641025
0.5512820512820513
0.6025641025641025
0.6282051282051282
0.6025641025641025
0.6410256410256411
0.5769230769230769
0.5641025641025641
0.5769230769230769
0.5769230769230769
0.6282051282051282
0.5897435897435898
0.5384615384615384
0.5512820512820513
0.6025641025641025
0.6410256410256411
0.6410256410256411
0.6410256410256411
0.6282051282051282
0.6410256410256411
0.6153846153846154
0.5897435897435898
0.6923076923076923
0.6282051282051282
0.5256410256410257
0.5769230769230769
0.5769230769230769
0.39705882352941174
0.6153846153846154
0.6282051282051282
0.5128205128205128
0.6282051282051282
0.5641025641025641
0.6282051282051282
0.6282051282051282
0.6153846153846154
0.6538461538461539
0.6538461538461539
0.6025641025641025
0.6410256410256411
0.6538461538461539
0.5769230769230769
0.6025641025641025
0.782051282051282
0.7692307692307693
0.782051282051282
0.7051282051282052
0.6794871794871795
0.782051282051282
0.717948717948718
0.782051282051282
0.782051282051282
0.782051282051282
0.782051282051282
0.6025641025641025
0.7692307692307693
0.717948717948718
0.7435897435897436
0.7564102564102564
0.7948717948717948
0.782051282051282
0.7948717948717948
0.6282051282051282
0.7692307692307693
0.7564102564102564
0.7307692307692307
0.7435897435897436
0.7948717948717948
0.7435897435897436
0.7051282051282052
0.7564102564102564
0.7948717948717948
0.5641025641025641
0.7307692307692307
0.7948717948717948
0.7948717948717948
0.7948717948717948
0.7564102564102564
0.6794871794871795
0.6153846153846154
0.782051282051282
0.8076923076923077
0.7948717948717948
0.7948717948717948
0.7692307692307693
0.7692307692307693
0.7948717948717948
0.6025641025641025
0.6538461538461539
0.7948717948717948
0.7692307692307693
0.7435897435897436
0.7564102564102564
0.6410256410256411
0.7564102564102564
0.7692307692307693
0.7948717948717948
0.7564102564102564
0.7948717948717948
0.7307692307692307
0.7307692307692307
0.7948717948717948
0.7435897435897436
0.6282051282051282
0.717948717948718
0.7435897435897436
0.7051282051282052
0.7692307692307693
0.7564102564102564
0.717948717948718
0.7948717948717948
0.7564102564102564
0.782051282051282
0.717948717948718
0.7692307692307693
0.782051282051282
0.782051282051282
0.782051282051282
0.717948717948718
0.782051282051282
0.7435897435897436
0.717948717948718
0.7692307692307693
0.7692307692307693
0.6410256410256411
0.7051282051282052
0.7692307692307693
0.7948717948717948
0.7435897435897436
0.6282051282051282
0.5128205128205128
0.7532467532467533
0.7307692307692307
0.7692307692307693
0.782051282051282
0.7051282051282052
0.7692307692307693
0.7948717948717948
0.7692307692307693
0.782051282051282
0.782051282051282
0.7564102564102564
0.6282051282051282
0.7564102564102564
0.7948717948717948
0.7692307692307693
0.717948717948718
0.7307692307692307
0.7692307692307693
0.8076923076923077
0.7564102564102564
0.782051282051282
0.7692307692307693
0.7435897435897436
0.6282051282051282
0.7948717948717948
0.7948717948717948
0.8076923076923077
0.7307692307692307
0.7142857142857143
0.7692307692307693
0.7564102564102564
0.7692307692307693
0.782051282051282
0.8076923076923077
0.7435897435897436
0.782051282051282
0.782051282051282
0.7564102564102564
0.7692307692307693
0.7051282051282052
0.7564102564102564
0.7307692307692307
0.782051282051282
0.7692307692307693
0.6025641025641025
0.782051282051282
0.5769230769230769
0.782051282051282
0.7692307692307693
0.7307692307692307
0.782051282051282
0.7564102564102564
0.7051282051282052
0.7692307692307693
0.6025641025641025
0.7435897435897436
0.7948717948717948
0.7307692307692307
0.782051282051282
0.782051282051282
0.7435897435897436
0.7692307692307693
0.782051282051282
0.8076923076923077
0.782051282051282
0.8076923076923077
0.7948717948717948
0.782051282051282
0.782051282051282
0.7051282051282052
0.6923076923076923
0.7948717948717948
0.7564102564102564
0.8076923076923077
0.7012987012987013
0.5769230769230769
0.782051282051282
0.7307692307692307
0.7948717948717948
0.7564102564102564
0.5512820512820513
0.5769230769230769
0.6538461538461539
0.782051282051282
0.782051282051282
0.7564102564102564
0.7692307692307693
0.7564102564102564
0.7435897435897436
0.7564102564102564
0.7051282051282052
0.7435897435897436
0.7692307692307693
0.6923076923076923
0.782051282051282
0.7564102564102564
0.7948717948717948
0.7692307692307693
0.7692307692307693
0.7948717948717948
0.7435897435897436
0.7692307692307693
0.7692307692307693
0.7466666666666667
0.6282051282051282
0.7948717948717948
0.782051282051282
0.7435897435897436
0.782051282051282
0.782051282051282
0.7307692307692307
0.7692307692307693
0.7307692307692307
0.782051282051282
0.7692307692307693
0.782051282051282
0.7692307692307693
0.7948717948717948
0.782051282051282
0.7948717948717948
0.7058823529411765
0.7307692307692307
0.6883116883116883
0.7435897435897436
0.6
0.6025641025641025
0.782051282051282
0.7948717948717948
0.5641025641025641
0.7564102564102564
0.782051282051282
0.5641025641025641
0.7692307692307693
0.7948717948717948
0.782051282051282
0.5897435897435898
0.7692307692307693
0.7692307692307693
0.8076923076923077
0.7307692307692307
0.7948717948717948
0.7564102564102564
0.782051282051282
0.7564102564102564
0.782051282051282
0.7692307692307693
0.7307692307692307
0.7692307692307693
0.782051282051282
0.7692307692307693
0.7948717948717948
0.7948717948717948
0.6282051282051282
0.5897435897435898
0.7692307692307693
0.7948717948717948
0.782051282051282
0.7051282051282052
0.7948717948717948
0.7692307692307693
0.5769230769230769
0.7435897435897436
0.7564102564102564
0.7564102564102564
0.7692307692307693
0.6410256410256411
0.6764705882352942
0.7692307692307693
0.7692307692307693
0.782051282051282
0.7948717948717948
0.782051282051282
0.7692307692307693
0.7435897435897436
0.7948717948717948
0.7564102564102564
0.782051282051282
0.7692307692307693
0.5641025641025641
0.8205128205128205
0.5641025641025641
0.7051282051282052
0.46153846153846156
0.6282051282051282
0.6025641025641025
0.4230769230769231
0.6410256410256411
0.7142857142857143
0.7532467532467533
0.5844155844155844
0.7532467532467533
0.75
0.8333333333333334
0.8888888888888888
0.7777777777777778
0.8333333333333334
0.8888888888888888
0.7222222222222222
0.7777777777777778
0.7777777777777778
0.8333333333333334
0.5555555555555556
0.7222222222222222
0.8888888888888888
0.7222222222222222
0.8333333333333334
0.7777777777777778
0.8333333333333334
0.7777777777777778
0.8333333333333334
0.8333333333333334
0.8333333333333334
0.7222222222222222
0.8333333333333334
0.6666666666666666
0.8333333333333334
0.5
0.6666666666666666
0.8333333333333334
0.8333333333333334
0.7777777777777778
0.7222222222222222
0.8333333333333334
0.8333333333333334
0.8888888888888888
0.8333333333333334
0.5
0.7777777777777778
0.8333333333333334
0.5555555555555556
0.7777777777777778
0.8888888888888888
0.8333333333333334
0.7222222222222222
0.8888888888888888
0.7777777777777778
0.6666666666666666
0.8888888888888888
0.7777777777777778
0.8888888888888888
0.8333333333333334
0.7777777777777778
0.6666666666666666
0.8333333333333334
0.7777777777777778
0.6666666666666666
0.6666666666666666
0.6666666666666666
0.7222222222222222
0.5555555555555556
0.6666666666666666
0.8333333333333334
0.7777777777777778
0.7222222222222222
0.5555555555555556
0.7777777777777778
0.7777777777777778
0.7222222222222222
0.7777777777777778
0.8333333333333334
0.8333333333333334
0.7222222222222222
0.8333333333333334
0.7777777777777778
0.6666666666666666
0.6666666666666666
0.8333333333333334
0.8333333333333334
0.4444444444444444
0.7777777777777778
0.6111111111111112
0.8333333333333334
0.6666666666666666
0.7777777777777778
0.5555555555555556
0.8888888888888888
0.5555555555555556
0.8333333333333334
0.8333333333333334
0.8333333333333334
0.8888888888888888
0.8333333333333334
0.7222222222222222
0.7222222222222222
0.8333333333333334
0.7777777777777778
0.8333333333333334
0.7222222222222222
0.8333333333333334
0.6111111111111112
0.8333333333333334
0.5555555555555556
0.84375
0.8032786885245902
0.7358490566037735
0.8
1.0
0.8571428571428571
0.8571428571428571
Legislator Avg: 0.7055987391497466
Bills Correct: 0.8020833333333334
