0.810126582278481
0.4810126582278481
0.8227848101265823
0.5443037974683544
0.810126582278481
0.46153846153846156
0.759493670886076
0.7088607594936709
0.7468354430379747
0.7721518987341772
0.8354430379746836
0.759493670886076
0.620253164556962
0.5316455696202531
0.6075949367088608
0.8607594936708861
0.5569620253164557
0.5316455696202531
0.8354430379746836
0.5822784810126582
0.8227848101265823
0.7341772151898734
0.759493670886076
0.759493670886076
0.7848101265822784
0.5443037974683544
0.5189873417721519
0.810126582278481
0.810126582278481
0.5189873417721519
0.5822784810126582
0.7721518987341772
0.7088607594936709
0.7088607594936709
0.6329113924050633
0.810126582278481
0.5443037974683544
0.5569620253164557
0.7468354430379747
0.7088607594936709
0.810126582278481
0.810126582278481
0.5822784810126582
0.5063291139240507
0.7721518987341772
0.810126582278481
0.5189873417721519
0.5063291139240507
0.4810126582278481
0.6835443037974683
0.5189873417721519
0.810126582278481
0.4810126582278481
0.5
0.4810126582278481
0.8354430379746836
0.7468354430379747
0.6708860759493671
0.5316455696202531
0.5189873417721519
0.6075949367088608
0.6455696202531646
0.4936708860759494
0.5316455696202531
0.5443037974683544
0.7848101265822784
0.4936708860759494
0.810126582278481
0.810126582278481
0.7721518987341772
0.7974683544303798
0.8227848101265823
0.5569620253164557
0.6329113924050633
0.8227848101265823
0.5949367088607594
0.810126582278481
0.5189873417721519
0.8227848101265823
0.7721518987341772
0.8227848101265823
0.6582278481012658
0.759493670886076
0.5063291139240507
0.7341772151898734
0.5443037974683544
0.4810126582278481
0.810126582278481
0.5063291139240507
0.5189873417721519
0.5443037974683544
0.5063291139240507
0.5569620253164557
0.7721518987341772
0.8227848101265823
0.7468354430379747
0.7088607594936709
0.6962025316455697
0.5063291139240507
0.810126582278481
0.5443037974683544
0.6708860759493671
0.7468354430379747
0.5443037974683544
0.4177215189873418
0.7341772151898734
0.7341772151898734
0.7848101265822784
0.5189873417721519
0.6455696202531646
0.7088607594936709
0.7848101265822784
0.5443037974683544
0.5443037974683544
0.7341772151898734
0.46835443037974683
0.5
0.5189873417721519
0.7848101265822784
0.8354430379746836
0.6962025316455697
0.7341772151898734
0.7215189873417721
0.810126582278481
0.5569620253164557
0.7721518987341772
0.5316455696202531
0.7341772151898734
0.7974683544303798
0.5443037974683544
0.5443037974683544
0.759493670886076
0.5316455696202531
0.6835443037974683
0.7974683544303798
0.7468354430379747
0.6835443037974683
0.759493670886076
0.7088607594936709
0.759493670886076
0.6329113924050633
0.8227848101265823
0.810126582278481
0.7974683544303798
0.7341772151898734
0.6075949367088608
0.4810126582278481
0.5443037974683544
0.7088607594936709
0.5316455696202531
0.7341772151898734
0.759493670886076
0.8354430379746836
0.4430379746835443
0.5063291139240507
0.7468354430379747
0.810126582278481
0.7974683544303798
0.7848101265822784
0.810126582278481
0.5189873417721519
0.7848101265822784
0.5189873417721519
0.7848101265822784
0.6582278481012658
0.6962025316455697
0.7974683544303798
0.569620253164557
0.4050632911392405
0.7721518987341772
0.6582278481012658
0.4936708860759494
0.6455696202531646
0.6962025316455697
0.6708860759493671
0.7468354430379747
0.810126582278481
0.7468354430379747
0.8354430379746836
0.7088607594936709
0.5189873417721519
0.7088607594936709
0.43037974683544306
0.4936708860759494
0.8354430379746836
0.7974683544303798
0.6329113924050633
0.8354430379746836
0.4810126582278481
0.7468354430379747
0.8076923076923077
0.35443037974683544
0.7088607594936709
0.7848101265822784
0.5189873417721519
0.7974683544303798
0.5443037974683544
0.5316455696202531
0.810126582278481
0.5822784810126582
0.5316455696202531
0.5316455696202531
0.4936708860759494
0.7435897435897436
0.7721518987341772
0.8354430379746836
0.4810126582278481
0.7974683544303798
0.8481012658227848
0.5569620253164557
0.620253164556962
0.7848101265822784
0.7468354430379747
0.8227848101265823
0.4810126582278481
0.569620253164557
0.810126582278481
0.5443037974683544
0.6075949367088608
0.5569620253164557
0.46835443037974683
0.6455696202531646
0.5189873417721519
0.810126582278481
0.569620253164557
0.620253164556962
0.8227848101265823
0.759493670886076
0.7848101265822784
0.5316455696202531
0.8481012658227848
0.8354430379746836
0.5443037974683544
0.5822784810126582
0.620253164556962
0.5189873417721519
0.8227848101265823
0.7341772151898734
0.7721518987341772
0.43037974683544306
0.5189873417721519
0.7974683544303798
0.7974683544303798
0.6835443037974683
0.5443037974683544
0.6582278481012658
0.4810126582278481
0.8354430379746836
0.7848101265822784
0.810126582278481
0.5443037974683544
0.8227848101265823
0.7721518987341772
0.810126582278481
0.810126582278481
0.8354430379746836
0.759493670886076
0.7215189873417721
0.810126582278481
0.7468354430379747
0.4936708860759494
0.5443037974683544
0.810126582278481
0.5316455696202531
0.5443037974683544
0.8227848101265823
0.45569620253164556
0.5063291139240507
0.7974683544303798
0.810126582278481
0.7974683544303798
0.5189873417721519
0.6962025316455697
0.7974683544303798
0.5316455696202531
0.810126582278481
0.7721518987341772
0.6962025316455697
0.7721518987341772
0.5189873417721519
0.810126582278481
0.4430379746835443
0.7341772151898734
0.5189873417721519
0.4936708860759494
0.7341772151898734
0.5822784810126582
0.6962025316455697
0.5443037974683544
0.7721518987341772
0.7468354430379747
0.6329113924050633
0.8481012658227848
0.6708860759493671
0.7468354430379747
0.759493670886076
0.7721518987341772
0.5189873417721519
0.5569620253164557
0.7468354430379747
0.8354430379746836
0.8227848101265823
0.7848101265822784
0.7341772151898734
0.5189873417721519
0.8227848101265823
0.5063291139240507
0.8227848101265823
0.7848101265822784
0.7468354430379747
0.7848101265822784
0.8227848101265823
0.6329113924050633
0.7721518987341772
0.759493670886076
0.7974683544303798
0.7468354430379747
0.8227848101265823
0.8227848101265823
0.8227848101265823
0.5443037974683544
0.8354430379746836
0.5569620253164557
0.5316455696202531
0.35443037974683544
0.810126582278481
0.4936708860759494
0.6666666666666666
0.7215189873417721
0.5063291139240507
0.3291139240506329
0.6455696202531646
0.5189873417721519
0.7848101265822784
0.6582278481012658
0.5443037974683544
0.5555555555555556
0.6835443037974683
0.7215189873417721
0.5443037974683544
0.810126582278481
0.6329113924050633
0.7721518987341772
0.5443037974683544
0.8227848101265823
0.5569620253164557
0.5063291139240507
0.7974683544303798
0.7974683544303798
0.810126582278481
0.5949367088607594
0.46835443037974683
0.5569620253164557
0.7974683544303798
0.7974683544303798
0.7974683544303798
0.7215189873417721
0.4050632911392405
0.46835443037974683
0.8354430379746836
0.810126582278481
0.7974683544303798
0.6962025316455697
0.5569620253164557
0.39436619718309857
0.7468354430379747
0.5443037974683544
0.5822784810126582
0.8354430379746836
0.7848101265822784
0.7341772151898734
0.7848101265822784
0.5316455696202531
0.5822784810126582
0.810126582278481
0.5063291139240507
0.759493670886076
0.8227848101265823
0.810126582278481
0.5189873417721519
0.5316455696202531
0.5443037974683544
0.5949367088607594
0.5316455696202531
0.7974683544303798
0.8354430379746836
0.8227848101265823
0.7215189873417721
0.8354430379746836
0.759493670886076
0.5443037974683544
0.5063291139240507
0.6582278481012658
0.7215189873417721
0.759493670886076
0.5949367088607594
0.7848101265822784
0.7848101265822784
0.6329113924050633
0.6901408450704225
0.6962025316455697
0.4177215189873418
0.810126582278481
0.7848101265822784
0.8227848101265823
0.8354430379746836
0.6329113924050633
0.810126582278481
0.7721518987341772
0.7974683544303798
0.7721518987341772
0.8227848101265823
0.5443037974683544
0.7848101265822784
0.7468354430379747
0.6470588235294118
0.7058823529411765
0.7647058823529411
0.5882352941176471
0.6470588235294118
0.6470588235294118
0.8823529411764706
0.5294117647058824
0.7647058823529411
0.7058823529411765
0.6470588235294118
0.5294117647058824
0.7058823529411765
0.29411764705882354
0.47058823529411764
0.7058823529411765
0.5294117647058824
0.8823529411764706
0.47058823529411764
0.6470588235294118
0.8235294117647058
0.7647058823529411
0.7647058823529411
0.7647058823529411
0.7058823529411765
0.6470588235294118
0.7647058823529411
0.8235294117647058
0.5294117647058824
0.7058823529411765
0.7058823529411765
0.8235294117647058
0.9411764705882353
0.47058823529411764
0.7647058823529411
0.7058823529411765
0.7647058823529411
0.7058823529411765
0.7058823529411765
0.9411764705882353
0.5294117647058824
0.8235294117647058
0.5882352941176471
0.9411764705882353
0.4117647058823529
0.8823529411764706
0.7058823529411765
0.7647058823529411
0.9411764705882353
0.7058823529411765
0.5294117647058824
0.8823529411764706
0.7647058823529411
0.8823529411764706
0.6470588235294118
0.5882352941176471
0.5294117647058824
0.7058823529411765
0.6470588235294118
0.5294117647058824
0.6470588235294118
0.7647058823529411
0.6470588235294118
0.5294117647058824
0.5294117647058824
0.7058823529411765
0.7058823529411765
0.7647058823529411
0.6470588235294118
0.4117647058823529
0.7058823529411765
0.7058823529411765
0.8235294117647058
0.4117647058823529
0.5882352941176471
0.47058823529411764
0.6470588235294118
0.4117647058823529
0.5882352941176471
0.5882352941176471
0.7647058823529411
0.47058823529411764
0.7647058823529411
0.7647058823529411
0.6470588235294118
0.7647058823529411
0.7647058823529411
0.7058823529411765
0.5882352941176471
0.6470588235294118
0.7058823529411765
0.47058823529411764
0.47058823529411764
0.47058823529411764
0.5882352941176471
0.5882352941176471
0.35294117647058826
0.7058823529411765
0.5882352941176471
0.47058823529411764
0.7564102564102564
0.6410256410256411
0.47435897435897434
0.46153846153846156
0.5256410256410257
0.4358974358974359
0.5
0.47435897435897434
0.5256410256410257
0.5256410256410257
0.5384615384615384
0.6794871794871795
0.6538461538461539
0.5128205128205128
0.4358974358974359
0.47435897435897434
1.0
0.717948717948718
1.0
0.8208955223880597
0.7936507936507936
0.8727272727272727
0.9473684210526315
1.0
0.6666666666666666
0.3333333333333333
Legislator Avg: 0.6711400748961353
Bills Correct: 0.7916666666666666
