0.7974683544303798
0.6708860759493671
0.7721518987341772
0.5949367088607594
0.759493670886076
0.6410256410256411
0.7341772151898734
0.7341772151898734
0.7468354430379747
0.7341772151898734
0.810126582278481
0.7215189873417721
0.6708860759493671
0.6708860759493671
0.6455696202531646
0.8354430379746836
0.6455696202531646
0.7088607594936709
0.7848101265822784
0.6962025316455697
0.7721518987341772
0.7341772151898734
0.7341772151898734
0.7721518987341772
0.7848101265822784
0.6962025316455697
0.6835443037974683
0.759493670886076
0.7848101265822784
0.6835443037974683
0.759493670886076
0.7468354430379747
0.7088607594936709
0.7215189873417721
0.6962025316455697
0.7848101265822784
0.6835443037974683
0.6455696202531646
0.7215189873417721
0.7341772151898734
0.7848101265822784
0.759493670886076
0.6962025316455697
0.6962025316455697
0.759493670886076
0.7848101265822784
0.6708860759493671
0.6962025316455697
0.6835443037974683
0.6835443037974683
0.7088607594936709
0.7848101265822784
0.6582278481012658
0.6666666666666666
0.620253164556962
0.7848101265822784
0.7341772151898734
0.7088607594936709
0.6582278481012658
0.7215189873417721
0.620253164556962
0.6835443037974683
0.6582278481012658
0.6835443037974683
0.7341772151898734
0.759493670886076
0.6455696202531646
0.7974683544303798
0.7468354430379747
0.759493670886076
0.7721518987341772
0.7721518987341772
0.6582278481012658
0.6708860759493671
0.7974683544303798
0.7341772151898734
0.7848101265822784
0.6455696202531646
0.7848101265822784
0.7468354430379747
0.7974683544303798
0.6835443037974683
0.7215189873417721
0.7215189873417721
0.7088607594936709
0.6962025316455697
0.7215189873417721
0.7848101265822784
0.620253164556962
0.7468354430379747
0.6329113924050633
0.6582278481012658
0.7088607594936709
0.759493670886076
0.7974683544303798
0.759493670886076
0.7215189873417721
0.7215189873417721
0.6835443037974683
0.7848101265822784
0.7468354430379747
0.6962025316455697
0.7088607594936709
0.7215189873417721
0.5316455696202531
0.6835443037974683
0.7468354430379747
0.7848101265822784
0.7215189873417721
0.7215189873417721
0.6708860759493671
0.759493670886076
0.6962025316455697
0.6708860759493671
0.7341772151898734
0.6708860759493671
0.578125
0.569620253164557
0.7721518987341772
0.7848101265822784
0.7088607594936709
0.6962025316455697
0.6708860759493671
0.759493670886076
0.7341772151898734
0.7341772151898734
0.7341772151898734
0.759493670886076
0.7721518987341772
0.7341772151898734
0.6708860759493671
0.7468354430379747
0.6582278481012658
0.6835443037974683
0.7848101265822784
0.7341772151898734
0.6835443037974683
0.7468354430379747
0.7215189873417721
0.7848101265822784
0.7215189873417721
0.7974683544303798
0.7721518987341772
0.810126582278481
0.6835443037974683
0.6582278481012658
0.6329113924050633
0.6708860759493671
0.6455696202531646
0.5822784810126582
0.6708860759493671
0.7341772151898734
0.7848101265822784
0.4810126582278481
0.6455696202531646
0.7215189873417721
0.759493670886076
0.7468354430379747
0.7721518987341772
0.759493670886076
0.6582278481012658
0.759493670886076
0.6708860759493671
0.7341772151898734
0.6582278481012658
0.7088607594936709
0.7721518987341772
0.7215189873417721
0.5063291139240507
0.7848101265822784
0.6835443037974683
0.6582278481012658
0.6582278481012658
0.6835443037974683
0.6835443037974683
0.6962025316455697
0.7848101265822784
0.7215189873417721
0.810126582278481
0.6962025316455697
0.6962025316455697
0.6835443037974683
0.5949367088607594
0.6962025316455697
0.7721518987341772
0.7848101265822784
0.7088607594936709
0.810126582278481
0.6582278481012658
0.759493670886076
0.782051282051282
0.6708860759493671
0.7215189873417721
0.7341772151898734
0.6582278481012658
0.7721518987341772
0.6835443037974683
0.6329113924050633
0.7974683544303798
0.6708860759493671
0.7215189873417721
0.6962025316455697
0.6329113924050633
0.7692307692307693
0.7468354430379747
0.810126582278481
0.5569620253164557
0.7721518987341772
0.8227848101265823
0.6708860759493671
0.6455696202531646
0.7341772151898734
0.7341772151898734
0.7974683544303798
0.6582278481012658
0.759493670886076
0.7974683544303798
0.7341772151898734
0.6455696202531646
0.7341772151898734
0.6329113924050633
0.620253164556962
0.6835443037974683
0.7848101265822784
0.7468354430379747
0.6582278481012658
0.810126582278481
0.7341772151898734
0.759493670886076
0.7215189873417721
0.7974683544303798
0.7848101265822784
0.6582278481012658
0.759493670886076
0.6708860759493671
0.6455696202531646
0.7974683544303798
0.7088607594936709
0.7468354430379747
0.6582278481012658
0.7341772151898734
0.7721518987341772
0.759493670886076
0.6835443037974683
0.7215189873417721
0.6962025316455697
0.6455696202531646
0.810126582278481
0.7721518987341772
0.7848101265822784
0.7215189873417721
0.7974683544303798
0.7848101265822784
0.7848101265822784
0.7848101265822784
0.7848101265822784
0.7721518987341772
0.6708860759493671
0.7721518987341772
0.7468354430379747
0.6455696202531646
0.6835443037974683
0.7721518987341772
0.6455696202531646
0.6582278481012658
0.7721518987341772
0.6582278481012658
0.6455696202531646
0.7468354430379747
0.7848101265822784
0.7468354430379747
0.6455696202531646
0.6582278481012658
0.7721518987341772
0.7088607594936709
0.759493670886076
0.7341772151898734
0.7088607594936709
0.7848101265822784
0.6582278481012658
0.7848101265822784
0.5189873417721519
0.6962025316455697
0.7215189873417721
0.6455696202531646
0.7468354430379747
0.6708860759493671
0.6962025316455697
0.6962025316455697
0.7088607594936709
0.759493670886076
0.620253164556962
0.8227848101265823
0.7721518987341772
0.7215189873417721
0.7468354430379747
0.759493670886076
0.6708860759493671
0.6582278481012658
0.759493670886076
0.810126582278481
0.7848101265822784
0.759493670886076
0.6708860759493671
0.6582278481012658
0.7721518987341772
0.6835443037974683
0.7974683544303798
0.7848101265822784
0.7341772151898734
0.7848101265822784
0.7974683544303798
0.620253164556962
0.7721518987341772
0.7341772151898734
0.7721518987341772
0.6962025316455697
0.7721518987341772
0.8354430379746836
0.7721518987341772
0.759493670886076
0.810126582278481
0.6582278481012658
0.6329113924050633
0.45569620253164556
0.7721518987341772
0.6582278481012658
0.6363636363636364
0.7341772151898734
0.6962025316455697
0.569620253164557
0.6329113924050633
0.7215189873417721
0.759493670886076
0.7341772151898734
0.7215189873417721
0.5555555555555556
0.6835443037974683
0.7468354430379747
0.7215189873417721
0.759493670886076
0.7088607594936709
0.7215189873417721
0.7341772151898734
0.7721518987341772
0.7215189873417721
0.6582278481012658
0.7721518987341772
0.7721518987341772
0.7848101265822784
0.6329113924050633
0.5949367088607594
0.7341772151898734
0.810126582278481
0.7974683544303798
0.7721518987341772
0.7215189873417721
0.569620253164557
0.6708860759493671
0.810126582278481
0.7848101265822784
0.759493670886076
0.6835443037974683
0.6962025316455697
0.4647887323943662
0.7721518987341772
0.759493670886076
0.7088607594936709
0.7848101265822784
0.759493670886076
0.6962025316455697
0.7468354430379747
0.6455696202531646
0.7468354430379747
0.759493670886076
0.6962025316455697
0.7341772151898734
0.7974683544303798
0.7848101265822784
0.7088607594936709
0.6962025316455697
0.6835443037974683
0.6962025316455697
0.7215189873417721
0.759493670886076
0.7848101265822784
0.7974683544303798
0.7341772151898734
0.7848101265822784
0.7341772151898734
0.6582278481012658
0.6329113924050633
0.6835443037974683
0.7088607594936709
0.7341772151898734
0.6835443037974683
0.7468354430379747
0.7721518987341772
0.6455696202531646
0.676056338028169
0.6835443037974683
0.5949367088607594
0.7848101265822784
0.759493670886076
0.7974683544303798
0.810126582278481
0.7215189873417721
0.759493670886076
0.7721518987341772
0.7848101265822784
0.759493670886076
0.7974683544303798
0.6582278481012658
0.7468354430379747
0.7088607594936709
0.6470588235294118
0.7058823529411765
0.7647058823529411
0.5882352941176471
0.6470588235294118
0.6470588235294118
0.7647058823529411
0.5294117647058824
0.7647058823529411
0.7058823529411765
0.7058823529411765
0.7058823529411765
0.7058823529411765
0.35294117647058826
0.5294117647058824
0.7058823529411765
0.5882352941176471
0.8823529411764706
0.6470588235294118
0.8235294117647058
0.8823529411764706
0.7647058823529411
0.7647058823529411
0.7647058823529411
0.7058823529411765
0.5882352941176471
0.7647058823529411
0.8235294117647058
0.6470588235294118
0.8235294117647058
0.6470588235294118
0.8235294117647058
0.9411764705882353
0.5294117647058824
0.7647058823529411
0.7058823529411765
0.7647058823529411
0.7058823529411765
0.8235294117647058
0.9411764705882353
0.5882352941176471
0.8235294117647058
0.6470588235294118
0.9411764705882353
0.5294117647058824
0.8823529411764706
0.7058823529411765
0.7647058823529411
0.9411764705882353
0.5882352941176471
0.5294117647058824
0.8823529411764706
0.7647058823529411
0.8823529411764706
0.8823529411764706
0.6470588235294118
0.5294117647058824
0.7058823529411765
0.6470588235294118
0.5294117647058824
0.7647058823529411
0.7647058823529411
0.8235294117647058
0.5882352941176471
0.47058823529411764
0.8235294117647058
0.7058823529411765
0.7647058823529411
0.6470588235294118
0.5882352941176471
0.8235294117647058
0.7058823529411765
0.8235294117647058
0.5294117647058824
0.47058823529411764
0.5882352941176471
0.7058823529411765
0.5882352941176471
0.5882352941176471
0.7058823529411765
0.7647058823529411
0.5882352941176471
0.7647058823529411
0.7647058823529411
0.8823529411764706
0.7647058823529411
0.7647058823529411
0.7058823529411765
0.6470588235294118
0.7058823529411765
0.8235294117647058
0.6470588235294118
0.5294117647058824
0.6470588235294118
0.8823529411764706
0.6470588235294118
0.5882352941176471
0.7058823529411765
0.7647058823529411
0.7058823529411765
0.7307692307692307
0.6794871794871795
0.6153846153846154
0.6410256410256411
0.6794871794871795
0.6282051282051282
0.5897435897435898
0.6794871794871795
0.6538461538461539
0.6923076923076923
0.7435897435897436
0.7051282051282052
0.6025641025641025
0.6794871794871795
0.5769230769230769
0.6153846153846154
1.0
0.6923076923076923
1.0
0.7910447761194029
0.7777777777777778
0.8181818181818182
0.7894736842105263
1.0
0.6666666666666666
0.3333333333333333
Legislator Avg: 0.7162633165362248
Bills Correct: 0.7604166666666666
