0.7307692307692307
0.6666666666666666
0.7564102564102564
0.7692307692307693
0.7692307692307693
0.6666666666666666
0.7692307692307693
0.782051282051282
0.7692307692307693
0.6666666666666666
0.6410256410256411
0.6794871794871795
0.7564102564102564
0.7948717948717948
0.8076923076923077
0.7564102564102564
0.8205128205128205
0.782051282051282
0.7564102564102564
0.7564102564102564
0.7435897435897436
0.8205128205128205
0.7435897435897436
0.8076923076923077
0.7564102564102564
0.7692307692307693
0.717948717948718
0.717948717948718
0.7564102564102564
0.782051282051282
0.7435897435897436
0.7692307692307693
0.7692307692307693
0.7948717948717948
0.7307692307692307
0.7564102564102564
0.782051282051282
0.6794871794871795
0.717948717948718
0.7564102564102564
0.8076923076923077
0.7435897435897436
0.7564102564102564
0.7948717948717948
0.7435897435897436
0.8076923076923077
0.7051282051282052
0.7564102564102564
0.7435897435897436
0.6794871794871795
0.65625
0.7948717948717948
0.7692307692307693
0.7435897435897436
0.7692307692307693
0.7948717948717948
0.6103896103896104
0.7948717948717948
0.7307692307692307
0.6538461538461539
0.7567567567567568
0.7051282051282052
0.7435897435897436
0.717948717948718
0.7948717948717948
0.7564102564102564
0.7692307692307693
0.8076923076923077
0.782051282051282
0.8076923076923077
0.7948717948717948
0.7692307692307693
0.7307692307692307
0.7692307692307693
0.7564102564102564
0.7692307692307693
0.7692307692307693
0.7307692307692307
0.7564102564102564
0.6794871794871795
0.6794871794871795
0.7692307692307693
0.8076923076923077
0.7435897435897436
0.7692307692307693
0.6666666666666666
0.8076923076923077
0.7564102564102564
0.717948717948718
0.7435897435897436
0.782051282051282
0.7692307692307693
0.7272727272727273
0.782051282051282
0.7564102564102564
0.7435897435897436
0.7948717948717948
0.7948717948717948
0.7564102564102564
0.7564102564102564
0.7435897435897436
0.6923076923076923
0.7435897435897436
0.7564102564102564
0.7307692307692307
0.7948717948717948
0.7307692307692307
0.8205128205128205
0.7564102564102564
0.6025641025641025
0.7692307692307693
0.7051282051282052
0.6923076923076923
0.7692307692307693
0.7692307692307693
0.8076923076923077
0.7307692307692307
0.7307692307692307
0.7435897435897436
0.717948717948718
0.7692307692307693
0.6538461538461539
0.6923076923076923
0.6923076923076923
0.7051282051282052
0.782051282051282
0.8076923076923077
0.7948717948717948
0.7564102564102564
0.8205128205128205
0.7564102564102564
0.7435897435897436
0.6282051282051282
0.7692307692307693
0.5769230769230769
0.7307692307692307
0.7435897435897436
0.5147058823529411
0.8076923076923077
0.7564102564102564
0.6666666666666666
0.782051282051282
0.7692307692307693
0.782051282051282
0.7435897435897436
0.8076923076923077
0.7948717948717948
0.8076923076923077
0.7051282051282052
0.8205128205128205
0.7948717948717948
0.7051282051282052
0.7564102564102564
0.8461538461538461
0.8333333333333334
0.8461538461538461
0.8076923076923077
0.6794871794871795
0.7948717948717948
0.782051282051282
0.8461538461538461
0.8205128205128205
0.8461538461538461
0.8461538461538461
0.7307692307692307
0.8333333333333334
0.7692307692307693
0.8076923076923077
0.8333333333333334
0.8333333333333334
0.8589743589743589
0.8589743589743589
0.7435897435897436
0.8076923076923077
0.8076923076923077
0.8205128205128205
0.7948717948717948
0.8461538461538461
0.7948717948717948
0.8333333333333334
0.8205128205128205
0.8589743589743589
0.6282051282051282
0.8205128205128205
0.8717948717948718
0.8589743589743589
0.8589743589743589
0.8461538461538461
0.7564102564102564
0.7564102564102564
0.8461538461538461
0.8461538461538461
0.8589743589743589
0.8461538461538461
0.8461538461538461
0.8333333333333334
0.8589743589743589
0.8333333333333334
0.6153846153846154
0.8589743589743589
0.8461538461538461
0.8076923076923077
0.782051282051282
0.6410256410256411
0.8333333333333334
0.8333333333333334
0.8717948717948718
0.8333333333333334
0.8589743589743589
0.8333333333333334
0.782051282051282
0.8589743589743589
0.8205128205128205
0.782051282051282
0.8076923076923077
0.8076923076923077
0.7435897435897436
0.8333333333333334
0.8076923076923077
0.7435897435897436
0.8589743589743589
0.8205128205128205
0.8589743589743589
0.782051282051282
0.8076923076923077
0.8333333333333334
0.8461538461538461
0.8589743589743589
0.782051282051282
0.8333333333333334
0.8205128205128205
0.782051282051282
0.8333333333333334
0.8461538461538461
0.6923076923076923
0.7692307692307693
0.8076923076923077
0.8589743589743589
0.7692307692307693
0.7564102564102564
0.7051282051282052
0.7922077922077922
0.7948717948717948
0.7948717948717948
0.8461538461538461
0.7435897435897436
0.8205128205128205
0.8589743589743589
0.8333333333333334
0.8461538461538461
0.8333333333333334
0.8461538461538461
0.6794871794871795
0.8205128205128205
0.8589743589743589
0.8589743589743589
0.8076923076923077
0.7948717948717948
0.8333333333333334
0.8717948717948718
0.8461538461538461
0.8461538461538461
0.8461538461538461
0.8076923076923077
0.717948717948718
0.8461538461538461
0.8461538461538461
0.8846153846153846
0.782051282051282
0.7272727272727273
0.782051282051282
0.8333333333333334
0.8205128205128205
0.8461538461538461
0.8717948717948718
0.7948717948717948
0.8333333333333334
0.8461538461538461
0.8461538461538461
0.8333333333333334
0.8205128205128205
0.7948717948717948
0.8461538461538461
0.8333333333333334
0.8461538461538461
0.717948717948718
0.8461538461538461
0.7564102564102564
0.8205128205128205
0.8333333333333334
0.8076923076923077
0.8461538461538461
0.8205128205128205
0.7948717948717948
0.8205128205128205
0.6666666666666666
0.782051282051282
0.8076923076923077
0.7564102564102564
0.8461538461538461
0.8205128205128205
0.8333333333333334
0.8333333333333334
0.8461538461538461
0.8589743589743589
0.8461538461538461
0.8461538461538461
0.8333333333333334
0.8461538461538461
0.8589743589743589
0.7948717948717948
0.717948717948718
0.8333333333333334
0.8076923076923077
0.8461538461538461
0.8181818181818182
0.6794871794871795
0.8589743589743589
0.8461538461538461
0.8589743589743589
0.8205128205128205
0.7051282051282052
0.7564102564102564
0.7307692307692307
0.8589743589743589
0.8333333333333334
0.8205128205128205
0.8589743589743589
0.8333333333333334
0.8205128205128205
0.8205128205128205
0.6923076923076923
0.7948717948717948
0.8333333333333334
0.7051282051282052
0.8333333333333334
0.8461538461538461
0.8589743589743589
0.8205128205128205
0.8589743589743589
0.8589743589743589
0.8205128205128205
0.8589743589743589
0.8333333333333334
0.84
0.7948717948717948
0.8589743589743589
0.8461538461538461
0.7948717948717948
0.8333333333333334
0.8461538461538461
0.7692307692307693
0.782051282051282
0.8076923076923077
0.8461538461538461
0.8461538461538461
0.8461538461538461
0.8076923076923077
0.8589743589743589
0.8333333333333334
0.8333333333333334
0.7647058823529411
0.8076923076923077
0.7662337662337663
0.8076923076923077
0.6
0.8717948717948718
0.8589743589743589
0.8461538461538461
0.7051282051282052
0.8076923076923077
0.8461538461538461
0.7307692307692307
0.8205128205128205
0.8333333333333334
0.8461538461538461
0.6923076923076923
0.8205128205128205
0.8333333333333334
0.8717948717948718
0.8205128205128205
0.8589743589743589
0.8461538461538461
0.8589743589743589
0.7564102564102564
0.8461538461538461
0.8205128205128205
0.7692307692307693
0.8333333333333334
0.8461538461538461
0.8333333333333334
0.8717948717948718
0.8461538461538461
0.7948717948717948
0.7307692307692307
0.8205128205128205
0.8589743589743589
0.8461538461538461
0.8076923076923077
0.8589743589743589
0.8461538461538461
0.7051282051282052
0.8333333333333334
0.8205128205128205
0.8333333333333334
0.8333333333333334
0.6153846153846154
0.7647058823529411
0.7948717948717948
0.8461538461538461
0.8205128205128205
0.8589743589743589
0.8589743589743589
0.8589743589743589
0.8205128205128205
0.8589743589743589
0.7948717948717948
0.8461538461538461
0.8076923076923077
0.6666666666666666
0.8333333333333334
0.6153846153846154
0.7564102564102564
0.6025641025641025
0.782051282051282
0.7692307692307693
0.6923076923076923
0.782051282051282
0.7532467532467533
0.8051948051948052
0.7532467532467533
0.8181818181818182
1.0
0.8333333333333334
0.7777777777777778
0.8888888888888888
0.8333333333333334
0.8333333333333334
0.7222222222222222
0.7777777777777778
0.9444444444444444
0.8333333333333334
0.6666666666666666
0.8333333333333334
0.8888888888888888
0.6666666666666666
0.8333333333333334
0.8333333333333334
0.9444444444444444
0.6666666666666666
0.8333333333333334
0.8333333333333334
0.8333333333333334
0.7222222222222222
0.7222222222222222
0.6111111111111112
0.8333333333333334
0.5
0.6666666666666666
0.8333333333333334
0.8333333333333334
0.8333333333333334
0.6666666666666666
0.8333333333333334
0.8333333333333334
0.8888888888888888
0.8333333333333334
0.6111111111111112
0.9444444444444444
0.7777777777777778
0.8333333333333334
0.6666666666666666
0.8888888888888888
0.8333333333333334
0.7777777777777778
0.7777777777777778
0.7777777777777778
0.7222222222222222
0.8888888888888888
0.7777777777777778
0.8888888888888888
0.8333333333333334
0.7222222222222222
0.6666666666666666
0.8333333333333334
0.8333333333333334
0.6666666666666666
0.8333333333333334
0.7777777777777778
0.8333333333333334
0.7777777777777778
0.6666666666666666
0.7222222222222222
0.7777777777777778
0.8888888888888888
0.7222222222222222
0.9444444444444444
0.7222222222222222
0.7777777777777778
0.7222222222222222
0.8333333333333334
0.8888888888888888
0.7222222222222222
0.8888888888888888
0.7777777777777778
0.8333333333333334
0.6666666666666666
0.8333333333333334
0.8333333333333334
0.7777777777777778
0.7777777777777778
0.6666666666666666
0.8333333333333334
0.8333333333333334
0.7777777777777778
0.6111111111111112
0.8888888888888888
0.6111111111111112
0.8888888888888888
0.7777777777777778
0.9444444444444444
0.8888888888888888
0.8333333333333334
0.7222222222222222
0.7777777777777778
0.8333333333333334
0.7222222222222222
0.7222222222222222
0.7777777777777778
0.8333333333333334
0.7777777777777778
0.8333333333333334
0.7222222222222222
0.90625
0.8524590163934426
0.8867924528301887
1.0
1.0
0.8571428571428571
0.8571428571428571
Legislator Avg: 0.7902170908289673
Bills Correct: 0.8645833333333334
